cAP 13- 11. S. 31-31. 261

11331313 31 3131133131 333113 31333113 31 3133 3313331333 313-
13113 firma 3333 3113 33333311 13 3113 31 33113 313133133313,
parcius 113 3133 133113 1113313131 113113 1111111 113 133 dicu, 3311
113 113, qui 13 1111133113 magni 3331 331 1331331.

xlv. 30. 11333 333131133, 111133 [111333311113313 1131111333
111 331311331133 gradu dignitatis: 3331313313111113, 311313 1113*
13113 113111, Ab 1133 311131 [13313 3133313313 1311333131, 311 11111
helii [13113313 repelluntur. ΰ313133 1311133 11113133 111333 per
33 1113111131 1131331,111311113, fides. 1131131, temperantia: quihus
13, Servi, 3113311313 331333 intelligunt: 3311 3333 113 31311113
ad 1111331313 3113331113, 333 113 133113 3111333113 11111313 disputo.
01111113 1313 11111113 3131113 113 1113311133 3113311311131, simul 31.-
ques aliqui 1113133 11111133 1131113313 3311313 3331111. Etenim, 31
311 1353313333 113313 31 3113131- 331113 1111333, [11331113 11131331ᾖ
53113 113111311- 3 3131113 333 331313 1313 1133113 13111333 31313-
13113 [1133331133 3311 311331 11133 1113 11331133 1313111, sapientia:
1113311113· res: spernitur 31111111, 333 31113111 3111333313 1113331111
33 13111133, 11313111 311313 1111111131 horridus 1111133 matter: 113-
3111113 11313- studium 1313111 13331, 1111111 331 1133 1113311111 3311331·-
111111, 311ᾱῖ3113, 11111311, 13111 repetunt. Quod 31113· 331, eadat,
3111331, Sulpici, [313111 3331113,1111313 131ιὶ1133, 311133 gladio.
umbra 311111 311 1131111133 13 1111111313 33 prima 133, 111311131-
quam ipsu 331 31111133 3313111111 1111333113.

31. Ἰ11311131 11333 [13111 31131331 333 11331113 11311113
11133113 133313 3331333331 31 31111133 3333 bellum illud 33133
31113111133311111 3331 133113133ιὶ3 3333 3331331. Quod 3311
iunge 33333 3111311313, iudices: 1133113 33 113333 1113331313.
Neque 33113 33333 13 1133 3331133131. Nam 31 3111313 113113,
11333 311111 13133313 533313133, 3331331333113 sunt, derideatur
113 rege Pyrrha 1113313333 Μ’. Curii, 113 Philippu T. 1113131-
nini, 113 3313113 M. Fulvii, 113 rege Ρ3133 L. Ρ33111, 113
Psfludnphilippn Q. 1111313111, 113 Corinthiis L. 1111111131ιὶ1 313
11333 113113 3131133333 victoriaeque.- 3313111 1131131331 313-
1133111133 1331331, 331 1131311333 3311111133 311133 1113 3 13
11113113 3331331311311 Atqui 311 1131313111 1311131 11131133133113
1131 3133131331 11311331 pupulum 1133133313 113111 rege An-
1133113 33331333 11111331 33133 113111. 11131111,- L. 5311113 3311113
113113 3331 Ρ. 113113 gioria, quam 1311113111 ille 311133 33313333

